{
 "cells": [
  {
   "cell_type": "code",
   "execution_count": 1,
   "metadata": {},
   "outputs": [],
   "source": [
    "# Bipartite\n",
    "from PyQuantum.Bipartite.Cavity import Cavity\n",
    "\n",
    "from PyQuantum.Bipartite.Hamiltonian import Hamiltonian\n",
    "\n",
    "from PyQuantum.Bipartite.WaveFunction import WaveFunction\n",
    "\n",
    "from PyQuantum.Bipartite.Evolution import run_wf"
   ]
  },
  {
   "cell_type": "code",
   "execution_count": 2,
   "metadata": {},
   "outputs": [],
   "source": [
    "# Common\n",
    "from PyQuantum.Common.STR import *\n",
    "from PyQuantum.Common.LoadPackage import *\n",
    "\n",
    "from PyQuantum.Common.Tools import mkdir\n",
    "\n",
    "from PyQuantum.Common.PlotBuilder3D import PlotBuilder3D"
   ]
  },
  {
   "cell_type": "code",
   "execution_count": 3,
   "metadata": {},
   "outputs": [],
   "source": [
    "import PyQuantum.Bipartite.config as config\n",
    "\n",
    "mkdir(config.path)"
   ]
  },
  {
   "cell_type": "code",
   "execution_count": 4,
   "metadata": {},
   "outputs": [
    {
     "name": "stdout",
     "output_type": "stream",
     "text": [
      "\u001b[1;36;1mCavity:\u001b[1;32;0m\n",
      "\n",
      "\u001b[1;33;1m n: \u001b[1;32;0m2\n",
      "\n",
      "\u001b[1;33;1mwc: \u001b[1;32;0m21.506 GHz\n",
      "\n",
      "\u001b[1;33;1mwa: \u001b[1;32;0m21.506 GHz\n",
      "\n",
      "\u001b[1;33;1m g: \u001b[1;32;0m215.06 MHz\n",
      "\n"
     ]
    }
   ],
   "source": [
    "# Cavity\n",
    "cavity = Cavity(n=config.n, wc=config.wc, wa=config.wa, g=config.g)\n",
    "\n",
    "cavity.print()"
   ]
  },
  {
   "cell_type": "code",
   "execution_count": 5,
   "metadata": {},
   "outputs": [
    {
     "name": "stdout",
     "output_type": "stream",
     "text": [
      "\u001b[1;36;1mStates:\u001b[1;32;0m\n",
      "[0, 0]\n",
      "[0, 1]\n",
      "[0, 2]\n",
      "[1, 0]\n",
      "[1, 1]\n",
      "[2, 0]\n",
      "\n"
     ]
    }
   ],
   "source": [
    "# Hamiltonian\n",
    "H = Hamiltonian(capacity=config.capacity, cavity=cavity)\n",
    "\n",
    "H.print_states()"
   ]
  },
  {
   "cell_type": "code",
   "execution_count": 6,
   "metadata": {},
   "outputs": [
    {
     "name": "stdout",
     "output_type": "stream",
     "text": [
      "[0, 0] 0j\n",
      "[0, 1] 0j\n",
      "[0, 2] (1+0j)\n",
      "[1, 0] 0j\n",
      "[1, 1] 0j\n",
      "[2, 0] 0j\n"
     ]
    }
   ],
   "source": [
    "# WaveFunction\n",
    "w_0 = WaveFunction(states=H.states, init_state=config.init_state)\n",
    "\n",
    "w_0.print()"
   ]
  },
  {
   "cell_type": "code",
   "execution_count": 7,
   "metadata": {},
   "outputs": [],
   "source": [
    "# Evolution\n",
    "run_wf(w_0=w_0, H=H, dt=config.dt, nt=config.nt, config=config, fidelity_mode=True)"
   ]
  },
  {
   "cell_type": "code",
   "execution_count": 8,
   "metadata": {},
   "outputs": [
    {
     "name": "stdout",
     "output_type": "stream",
     "text": [
      "Making plot...\n",
      "x_ticktext: ['', '', '{0, 2≻', '', '', '{2, 0≻']\n",
      "x_tickvals: [0, 1, 2, 3, 4, 5]\n",
      "y_ticktext: [0.0, 5.0, 10.0, 15.0, 20.0, 25.0, 30.0, 35.0, 40.0, 45.0, 50.0]\n",
      "y_tickvals: [   0.  100.  200.  300.  400.  500.  600.  700.  800.  900. 1000.]\n"
     ]
    },
    {
     "data": {
      "text/html": [
       "<script type=\"text/javascript\">window.PlotlyConfig = {MathJaxConfig: 'local'};</script><script type=\"text/javascript\">if (window.MathJax) {MathJax.Hub.Config({SVG: {font: \"STIX-Web\"}});}</script><script>requirejs.config({paths: { 'plotly': ['https://cdn.plot.ly/plotly-latest.min']},});if(!window._Plotly) {require(['plotly'],function(plotly) {window._Plotly=plotly;});}</script>"
      ],
      "text/vnd.plotly.v1+html": [
       "<script type=\"text/javascript\">window.PlotlyConfig = {MathJaxConfig: 'local'};</script><script type=\"text/javascript\">if (window.MathJax) {MathJax.Hub.Config({SVG: {font: \"STIX-Web\"}});}</script><script>requirejs.config({paths: { 'plotly': ['https://cdn.plot.ly/plotly-latest.min']},});if(!window._Plotly) {require(['plotly'],function(plotly) {window._Plotly=plotly;});}</script>"
      ]
     },
     "metadata": {},
     "output_type": "display_data"
    },
    {
     "data": {
      "application/vnd.plotly.v1+json": {
       "config": {
        "linkText": "Export to plot.ly",
        "plotlyServerURL": "https://plot.ly",
        "showLink": true
       },
       "data": [
        {
         "colorscale": "Portland",
         "lighting": {
          "diffuse": 0.5,
          "fresnel": 0.2,
          "specular": 0.2
         },
         "showlegend": false,
         "showscale": false,
         "type": "surface",
         "uid": "7268ab01-0d36-4640-a0ea-fe1242b50e57",
         "z": [
          [
           0,
           0,
           1,
           0,
           0,
           0
          ],
          [
           0,
           0.00022999999999999998,
           0.99977,
           0,
           0,
           0
          ],
          [
           0,
           0.0009199999999999999,
           0.99908,
           0,
           0,
           0
          ],
          [
           0,
           0.0020800000000000003,
           0.99792,
           0,
           0,
           0
          ],
          [
           1e-05,
           0.0036799999999999997,
           0.99631,
           0,
           0,
           0
          ],
          [
           2e-05,
           0.0057399999999999994,
           0.99424,
           0,
           1e-05,
           0
          ],
          [
           2.9999999999999997e-05,
           0.00823,
           0.99172,
           0,
           2e-05,
           0
          ],
          [
           5.9999999999999995e-05,
           0.01116,
           0.98874,
           0,
           2.9999999999999997e-05,
           0
          ],
          [
           0.00011,
           0.014509999999999999,
           0.9853299999999999,
           0,
           5e-05,
           0
          ],
          [
           0.00016999999999999999,
           0.018269999999999998,
           0.9814700000000001,
           0,
           9e-05,
           0
          ],
          [
           0.00026000000000000003,
           0.02242,
           0.9771799999999999,
           0,
           0.00013000000000000002,
           0
          ],
          [
           0.00037999999999999997,
           0.02696,
           0.9724700000000001,
           1e-05,
           0.00018999999999999998,
           0
          ],
          [
           0.00053,
           0.03185,
           0.96734,
           1e-05,
           0.00027,
           0
          ],
          [
           0.00073,
           0.0371,
           0.9618,
           1e-05,
           0.00036,
           0
          ],
          [
           0.0009699999999999999,
           0.04267,
           0.95585,
           2e-05,
           0.00049,
           0
          ],
          [
           0.0012699999999999999,
           0.04854,
           0.9495100000000001,
           2.9999999999999997e-05,
           0.00064,
           0
          ],
          [
           0.00164,
           0.0547,
           0.9428,
           5e-05,
           0.00082,
           0
          ],
          [
           0.00207,
           0.06113,
           0.9357,
           7e-05,
           0.00103,
           0
          ],
          [
           0.00257,
           0.06779,
           0.92825,
           0.0001,
           0.0012900000000000001,
           0
          ],
          [
           0.00316,
           0.07467,
           0.92045,
           0.00014,
           0.00158,
           0
          ],
          [
           0.0038399999999999997,
           0.08175,
           0.9123100000000001,
           0.00018,
           0.0019199999999999998,
           0
          ],
          [
           0.00461,
           0.08899,
           0.90384,
           0.00023999999999999998,
           0.00231,
           0
          ],
          [
           0.00549,
           0.09638,
           0.8950600000000001,
           0.00032,
           0.00275,
           0
          ],
          [
           0.00648,
           0.10388,
           0.8859799999999999,
           0.00041,
           0.00324,
           0
          ],
          [
           0.00759,
           0.11148,
           0.87661,
           0.00053,
           0.00379,
           0
          ],
          [
           0.00881,
           0.11914000000000001,
           0.86697,
           0.00067,
           0.00441,
           1e-05
          ],
          [
           0.010159999999999999,
           0.12684,
           0.8570700000000001,
           0.00084,
           0.0050799999999999994,
           1e-05
          ],
          [
           0.01165,
           0.13455,
           0.8469200000000001,
           0.00105,
           0.00583,
           1e-05
          ],
          [
           0.013269999999999999,
           0.14225,
           0.83654,
           0.0012900000000000001,
           0.006640000000000001,
           2e-05
          ],
          [
           0.015030000000000002,
           0.14992,
           0.82594,
           0.00157,
           0.007520000000000001,
           2e-05
          ],
          [
           0.01694,
           0.15752,
           0.81514,
           0.0019100000000000002,
           0.00847,
           2.9999999999999997e-05
          ],
          [
           0.01899,
           0.16504000000000002,
           0.80415,
           0.00229,
           0.00949,
           2.9999999999999997e-05
          ],
          [
           0.02119,
           0.17245,
           0.79298,
           0.00274,
           0.01059,
           4e-05
          ],
          [
           0.023530000000000002,
           0.17973,
           0.78166,
           0.0032600000000000003,
           0.011770000000000001,
           5e-05
          ],
          [
           0.02603,
           0.18685,
           0.7701899999999999,
           0.00385,
           0.013009999999999999,
           7e-05
          ],
          [
           0.028669999999999998,
           0.1938,
           0.75859,
           0.004520000000000001,
           0.01434,
           9e-05
          ],
          [
           0.03146,
           0.20055,
           0.74687,
           0.00528,
           0.01573,
           0.00011
          ],
          [
           0.03439,
           0.20708000000000001,
           0.73505,
           0.00614,
           0.0172,
           0.00013000000000000002
          ],
          [
           0.037469999999999996,
           0.21338000000000001,
           0.72314,
           0.007109999999999999,
           0.01873,
           0.00016
          ],
          [
           0.04068,
           0.21943000000000001,
           0.71116,
           0.008190000000000001,
           0.02034,
           0.0002
          ],
          [
           0.04402,
           0.22521999999999998,
           0.69912,
           0.00939,
           0.02201,
           0.00023999999999999998
          ],
          [
           0.0475,
           0.23071999999999998,
           0.68703,
           0.01072,
           0.02375,
           0.00029
          ],
          [
           0.051089999999999997,
           0.23592,
           0.67491,
           0.012190000000000001,
           0.02554,
           0.00035
          ],
          [
           0.05479,
           0.24081999999999998,
           0.66276,
           0.013819999999999999,
           0.027389999999999998,
           0.00042
          ],
          [
           0.0586,
           0.2454,
           0.65061,
           0.0156,
           0.0293,
           0.00049
          ],
          [
           0.0625,
           0.24965,
           0.63846,
           0.01755,
           0.03125,
           0.00058
          ],
          [
           0.06649,
           0.25356,
           0.62633,
           0.01968,
           0.03325,
           0.0006900000000000001
          ],
          [
           0.07055,
           0.25713,
           0.61422,
           0.022,
           0.03528,
           0.00081
          ],
          [
           0.07468,
           0.26036,
           0.60216,
           0.02452,
           0.03734,
           0.00095
          ],
          [
           0.07887000000000001,
           0.26322,
           0.59014,
           0.02723,
           0.03943,
           0.0011
          ],
          [
           0.08309,
           0.26574000000000003,
           0.57819,
           0.030160000000000003,
           0.04154,
           0.00128
          ],
          [
           0.08734,
           0.26789,
           0.5663,
           0.033319999999999995,
           0.04367,
           0.00148
          ],
          [
           0.0916,
           0.26969,
           0.5545,
           0.0367,
           0.0458,
           0.0017100000000000001
          ],
          [
           0.09587000000000001,
           0.27114,
           0.54278,
           0.04032,
           0.04793,
           0.00196
          ],
          [
           0.10012,
           0.27223,
           0.5311600000000001,
           0.044180000000000004,
           0.05006,
           0.00225
          ],
          [
           0.10434,
           0.27297,
           0.51965,
           0.0483,
           0.05217,
           0.00257
          ],
          [
           0.10852,
           0.27336,
           0.50826,
           0.05267,
           0.05426,
           0.00293
          ],
          [
           0.11265,
           0.27342,
           0.49698000000000003,
           0.0573,
           0.05632,
           0.0033299999999999996
          ],
          [
           0.1167,
           0.27314,
           0.48583999999999994,
           0.0622,
           0.05835,
           0.0037700000000000003
          ],
          [
           0.12067,
           0.27254,
           0.47483000000000003,
           0.06736,
           0.06034,
           0.00426
          ],
          [
           0.12454000000000001,
           0.27162,
           0.46396000000000004,
           0.0728,
           0.062270000000000006,
           0.0048
          ],
          [
           0.1283,
           0.2704,
           0.45323,
           0.07851,
           0.06415,
           0.0054
          ],
          [
           0.13193,
           0.26889,
           0.44266000000000005,
           0.0845,
           0.06596,
           0.00606
          ],
          [
           0.13542,
           0.26709,
           0.43225,
           0.09076000000000001,
           0.06771,
           0.00678
          ],
          [
           0.13875,
           0.26502,
           0.422,
           0.09729,
           0.06937,
           0.00757
          ],
          [
           0.14190999999999998,
           0.26269000000000003,
           0.41191000000000005,
           0.1041,
           0.07096000000000001,
           0.00843
          ],
          [
           0.1449,
           0.26011999999999996,
           0.40199,
           0.11117,
           0.07245,
           0.00937
          ],
          [
           0.14769000000000002,
           0.25732,
           0.39224000000000003,
           0.11850999999999999,
           0.07385,
           0.0104
          ],
          [
           0.15028,
           0.25429,
           0.38266999999999995,
           0.12611,
           0.07514,
           0.01151
          ],
          [
           0.15266,
           0.25106999999999996,
           0.37327,
           0.13395,
           0.07633,
           0.01272
          ],
          [
           0.15482,
           0.24766,
           0.36404000000000003,
           0.14205,
           0.07741,
           0.01402
          ],
          [
           0.15675,
           0.24406999999999998,
           0.355,
           0.15037,
           0.07837000000000001,
           0.015430000000000001
          ],
          [
           0.15844,
           0.24033000000000002,
           0.34614,
           0.15892,
           0.07922,
           0.01695
          ],
          [
           0.15988,
           0.23644,
           0.33746,
           0.16769,
           0.07994,
           0.01859
          ],
          [
           0.16107,
           0.23243000000000003,
           0.32896,
           0.17665,
           0.08054,
           0.02035
          ],
          [
           0.16201,
           0.2283,
           0.32064000000000004,
           0.1858,
           0.08101,
           0.02224
          ],
          [
           0.16269,
           0.22407,
           0.3125,
           0.19512000000000002,
           0.08135,
           0.02426
          ],
          [
           0.16310999999999998,
           0.21975999999999998,
           0.30454000000000003,
           0.2046,
           0.08156000000000001,
           0.026430000000000002
          ],
          [
           0.16326,
           0.21539,
           0.29675999999999997,
           0.21422,
           0.08163,
           0.028739999999999998
          ],
          [
           0.16315,
           0.21095,
           0.28916,
           0.22395,
           0.08158,
           0.0312
          ],
          [
           0.16278,
           0.20647,
           0.28174,
           0.23379,
           0.08139,
           0.03383
          ],
          [
           0.16214,
           0.20197,
           0.27449,
           0.24370999999999998,
           0.08107,
           0.036610000000000004
          ],
          [
           0.16125,
           0.19745,
           0.26742,
           0.25369,
           0.08062000000000001,
           0.03957
          ],
          [
           0.1601,
           0.19293,
           0.26050999999999996,
           0.2637,
           0.08005,
           0.042710000000000005
          ],
          [
           0.15869,
           0.18841,
           0.25378,
           0.27374,
           0.07935,
           0.04603
          ],
          [
           0.15704,
           0.18392,
           0.24720999999999999,
           0.28376,
           0.07852,
           0.04954
          ],
          [
           0.15516,
           0.17945999999999998,
           0.24081,
           0.29375999999999997,
           0.07758,
           0.05325
          ],
          [
           0.15304,
           0.17504,
           0.23456,
           0.30369,
           0.07652,
           0.05715
          ],
          [
           0.15069000000000002,
           0.17067000000000002,
           0.22848000000000002,
           0.31355,
           0.07535,
           0.06126
          ],
          [
           0.14814000000000002,
           0.16635999999999998,
           0.22255,
           0.3233,
           0.07407000000000001,
           0.06558
          ],
          [
           0.14537,
           0.16212000000000001,
           0.21678000000000003,
           0.33293,
           0.07269,
           0.07012
          ],
          [
           0.14242,
           0.15795,
           0.21115,
           0.34239,
           0.07121,
           0.07488
          ],
          [
           0.13928,
           0.15387,
           0.20567,
           0.35167,
           0.06964,
           0.07986
          ],
          [
           0.13598,
           0.14989,
           0.20033,
           0.36075,
           0.06799,
           0.08507
          ],
          [
           0.13252,
           0.146,
           0.19512000000000002,
           0.36959000000000003,
           0.06626,
           0.09052
          ],
          [
           0.12891,
           0.14221,
           0.19005999999999998,
           0.37817,
           0.06446,
           0.0962
          ],
          [
           0.12517999999999999,
           0.13853,
           0.18512,
           0.38647,
           0.06258999999999999,
           0.10212
          ],
          [
           0.12132000000000001,
           0.13496,
           0.18032,
           0.39446,
           0.060660000000000006,
           0.10829000000000001
          ],
          [
           0.11737,
           0.13151,
           0.17563,
           0.40210999999999997,
           0.058679999999999996,
           0.11469000000000001
          ],
          [
           0.11333,
           0.12817,
           0.17107,
           0.40942,
           0.05666,
           0.12135
          ],
          [
           0.10920999999999999,
           0.12495999999999999,
           0.16662000000000002,
           0.41634,
           0.05461,
           0.12825
          ],
          [
           0.10504000000000001,
           0.12188,
           0.16229000000000002,
           0.42286999999999997,
           0.052520000000000004,
           0.13541
          ],
          [
           0.10082,
           0.11892,
           0.15807000000000002,
           0.42898000000000003,
           0.05041,
           0.14281
          ],
          [
           0.09657,
           0.11609000000000001,
           0.15395,
           0.43463999999999997,
           0.04829,
           0.15045999999999998
          ],
          [
           0.09231,
           0.11339,
           0.14994000000000002,
           0.43985,
           0.04615,
           0.15836
          ],
          [
           0.08804,
           0.11082,
           0.14602,
           0.44458000000000003,
           0.04402,
           0.16652
          ],
          [
           0.08379,
           0.10837999999999999,
           0.1422,
           0.44882,
           0.0419,
           0.17490999999999998
          ],
          [
           0.07956,
           0.10607,
           0.13847,
           0.45256,
           0.03978,
           0.18356
          ],
          [
           0.07537,
           0.1039,
           0.13482,
           0.45577,
           0.037689999999999994,
           0.19244
          ],
          [
           0.07124,
           0.10185,
           0.13127,
           0.45846000000000003,
           0.03562,
           0.20157
          ],
          [
           0.06716,
           0.09994,
           0.12779000000000001,
           0.4606,
           0.03358,
           0.21094000000000002
          ],
          [
           0.06316000000000001,
           0.09815,
           0.12439000000000001,
           0.46219,
           0.031580000000000004,
           0.22053000000000003
          ],
          [
           0.05924,
           0.0965,
           0.12107000000000001,
           0.46321999999999997,
           0.02962,
           0.23035
          ],
          [
           0.05541,
           0.09497,
           0.11780999999999998,
           0.46369,
           0.027710000000000002,
           0.2404
          ],
          [
           0.05169,
           0.09357,
           0.11463,
           0.4636,
           0.02585,
           0.25066
          ],
          [
           0.04808,
           0.0923,
           0.11150999999999998,
           0.46293,
           0.02404,
           0.26113000000000003
          ],
          [
           0.04459,
           0.09115,
           0.10845999999999999,
           0.4617,
           0.0223,
           0.27181
          ],
          [
           0.04123,
           0.09012,
           0.10545999999999998,
           0.4599,
           0.02061,
           0.28268000000000004
          ],
          [
           0.037989999999999996,
           0.08921,
           0.10253,
           0.45753999999999995,
           0.019,
           0.29374
          ],
          [
           0.03489,
           0.08842,
           0.09965,
           0.45461,
           0.01745,
           0.30496999999999996
          ],
          [
           0.031939999999999996,
           0.08775,
           0.09682,
           0.45114,
           0.015969999999999998,
           0.31638
          ],
          [
           0.02912,
           0.0872,
           0.09404,
           0.44711999999999996,
           0.01456,
           0.32795
          ],
          [
           0.02646,
           0.08676,
           0.09131,
           0.44258000000000003,
           0.01323,
           0.33966999999999997
          ],
          [
           0.02394,
           0.08642999999999999,
           0.08862,
           0.43751,
           0.01197,
           0.35153
          ],
          [
           0.02157,
           0.08621000000000001,
           0.08598,
           0.43193000000000004,
           0.01078,
           0.36351999999999995
          ],
          [
           0.01934,
           0.0861,
           0.08338999999999999,
           0.42586,
           0.00967,
           0.37563
          ],
          [
           0.017269999999999997,
           0.0861,
           0.08083,
           0.41931999999999997,
           0.00863,
           0.38785
          ],
          [
           0.015340000000000001,
           0.0862,
           0.07831,
           0.41231999999999996,
           0.007670000000000001,
           0.40016
          ],
          [
           0.01355,
           0.08641,
           0.07583,
           0.40488,
           0.00678,
           0.41255
          ],
          [
           0.011909999999999999,
           0.08671,
           0.07339,
           0.39702,
           0.00595,
           0.42502
          ],
          [
           0.0104,
           0.08711,
           0.07098,
           0.38877,
           0.0052,
           0.43754
          ],
          [
           0.00903,
           0.08761000000000001,
           0.0686,
           0.38015,
           0.00451,
           0.4501
          ],
          [
           0.00778,
           0.0882,
           0.06626,
           0.37118,
           0.00389,
           0.46269
          ],
          [
           0.006659999999999999,
           0.08888,
           0.06395,
           0.36188000000000003,
           0.0033299999999999996,
           0.4753
          ],
          [
           0.00565,
           0.08964,
           0.06168,
           0.35229,
           0.00282,
           0.48791999999999996
          ],
          [
           0.00475,
           0.09049,
           0.05943,
           0.34243,
           0.00238,
           0.50052
          ],
          [
           0.00396,
           0.09143,
           0.05722000000000001,
           0.33232,
           0.00198,
           0.5130899999999999
          ],
          [
           0.0032700000000000003,
           0.09244,
           0.055029999999999996,
           0.322,
           0.0016300000000000002,
           0.52563
          ],
          [
           0.00266,
           0.09352,
           0.052879999999999996,
           0.31149,
           0.00133,
           0.5381100000000001
          ],
          [
           0.00214,
           0.09468,
           0.05075,
           0.30083000000000004,
           0.00107,
           0.55053
          ],
          [
           0.0017,
           0.0959,
           0.04866,
           0.29003,
           0.00085,
           0.56286
          ],
          [
           0.00133,
           0.09717999999999999,
           0.0466,
           0.27912,
           0.00066,
           0.5751
          ],
          [
           0.0010199999999999999,
           0.09852000000000001,
           0.04457,
           0.26815,
           0.0005099999999999999,
           0.58723
          ],
          [
           0.0007700000000000001,
           0.09992000000000001,
           0.04257,
           0.25713,
           0.00037999999999999997,
           0.59923
          ],
          [
           0.00056,
           0.10136,
           0.0406,
           0.24609,
           0.00028,
           0.6111
          ],
          [
           0.0004,
           0.10284000000000001,
           0.038669999999999996,
           0.23506999999999997,
           0.0002,
           0.6228199999999999
          ],
          [
           0.00028,
           0.10436,
           0.03676,
           0.22408000000000003,
           0.00014,
           0.63437
          ],
          [
           0.00018,
           0.10592,
           0.0349,
           0.21316,
           9e-05,
           0.64575
          ],
          [
           0.00011999999999999999,
           0.10749,
           0.03307,
           0.20232999999999998,
           5.9999999999999995e-05,
           0.65694
          ],
          [
           7e-05,
           0.10908,
           0.03127,
           0.19162,
           2.9999999999999997e-05,
           0.66792
          ],
          [
           4e-05,
           0.11068,
           0.02951,
           0.18105,
           2e-05,
           0.67869
          ],
          [
           2e-05,
           0.11229000000000001,
           0.0278,
           0.17064000000000001,
           1e-05,
           0.68924
          ],
          [
           1e-05,
           0.11389,
           0.026119999999999997,
           0.16043,
           0,
           0.69955
          ],
          [
           0,
           0.11548,
           0.024480000000000002,
           0.15042,
           0,
           0.7096100000000001
          ],
          [
           0,
           0.11705,
           0.02288,
           0.14064000000000002,
           0,
           0.71942
          ],
          [
           0,
           0.11859000000000001,
           0.021330000000000002,
           0.13111,
           0,
           0.72896
          ],
          [
           0,
           0.1201,
           0.019819999999999997,
           0.12185,
           0,
           0.73822
          ],
          [
           0,
           0.12155999999999999,
           0.018359999999999998,
           0.11288,
           0,
           0.7472
          ],
          [
           0,
           0.12295999999999999,
           0.01695,
           0.1042,
           0,
           0.75589
          ],
          [
           0,
           0.12430999999999999,
           0.015590000000000001,
           0.09583,
           0,
           0.76427
          ],
          [
           1e-05,
           0.12558,
           0.01427,
           0.08778999999999999,
           0,
           0.77235
          ],
          [
           1e-05,
           0.12677,
           0.013009999999999999,
           0.08009,
           1e-05,
           0.7801100000000001
          ],
          [
           2.9999999999999997e-05,
           0.12787,
           0.0118,
           0.07272999999999999,
           2e-05,
           0.78755
          ],
          [
           5.9999999999999995e-05,
           0.12888,
           0.01065,
           0.06573,
           2.9999999999999997e-05,
           0.79466
          ],
          [
           0.0001,
           0.12977,
           0.00955,
           0.059079999999999994,
           5e-05,
           0.80145
          ],
          [
           0.00016,
           0.13055,
           0.00851,
           0.0528,
           8e-05,
           0.8079
          ],
          [
           0.00023999999999999998,
           0.13121,
           0.007520000000000001,
           0.04689,
           0.00011999999999999999,
           0.81401
          ],
          [
           0.00036,
           0.13172999999999999,
           0.0066,
           0.04136,
           0.00018,
           0.81978
          ],
          [
           0.0005,
           0.13210999999999998,
           0.00573,
           0.03619,
           0.00025,
           0.82521
          ],
          [
           0.0006900000000000001,
           0.13235,
           0.00492,
           0.031389999999999994,
           0.00035,
           0.83029
          ],
          [
           0.00093,
           0.13243,
           0.00418,
           0.026969999999999997,
           0.00045999999999999996,
           0.8350299999999999
          ],
          [
           0.00122,
           0.13234,
           0.00349,
           0.02291,
           0.00061,
           0.83942
          ],
          [
           0.00157,
           0.13209,
           0.0028699999999999997,
           0.019209999999999998,
           0.00079,
           0.84347
          ],
          [
           0.00199,
           0.13167,
           0.00231,
           0.01587,
           0.00099,
           0.8471700000000001
          ],
          [
           0.00248,
           0.13105999999999998,
           0.0018100000000000002,
           0.01288,
           0.00124,
           0.85052
          ],
          [
           0.0030600000000000002,
           0.13028,
           0.00137,
           0.01023,
           0.0015300000000000001,
           0.8535299999999999
          ],
          [
           0.00372,
           0.1293,
           0.001,
           0.00792,
           0.00186,
           0.85621
          ],
          [
           0.00448,
           0.12814,
           0.0006799999999999999,
           0.00592,
           0.00224,
           0.85854
          ],
          [
           0.00534,
           0.12678,
           0.00043,
           0.00424,
           0.00267,
           0.86055
          ],
          [
           0.0063100000000000005,
           0.12523,
           0.00022999999999999998,
           0.00286,
           0.00315,
           0.8622200000000001
          ],
          [
           0.007390000000000001,
           0.12347999999999999,
           0.0001,
           0.00176,
           0.0037,
           0.8635700000000001
          ],
          [
           0.0086,
           0.12154000000000001,
           2e-05,
           0.00095,
           0.0043,
           0.86459
          ],
          [
           0.00993,
           0.11940999999999999,
           0,
           0.00039,
           0.0049700000000000005,
           0.86531
          ],
          [
           0.01139,
           0.11707999999999999,
           2.9999999999999997e-05,
           8e-05,
           0.0057,
           0.8657100000000001
          ],
          [
           0.01299,
           0.11457,
           0.00011999999999999999,
           0,
           0.0065,
           0.8658100000000001
          ],
          [
           0.014730000000000002,
           0.11188,
           0.00026000000000000003,
           0.00015,
           0.007370000000000001,
           0.8656200000000001
          ],
          [
           0.01661,
           0.10901,
           0.00045,
           0.00049,
           0.00831,
           0.86513
          ],
          [
           0.01864,
           0.10595999999999998,
           0.0006900000000000001,
           0.00103,
           0.00932,
           0.8643700000000001
          ],
          [
           0.02081,
           0.10275,
           0.0009699999999999999,
           0.00173,
           0.010409999999999999,
           0.8633200000000001
          ],
          [
           0.02313,
           0.09938999999999999,
           0.0013,
           0.0026,
           0.01157,
           0.8620200000000001
          ],
          [
           0.0256,
           0.09587999999999999,
           0.0016600000000000002,
           0.00361,
           0.0128,
           0.86045
          ],
          [
           0.02822,
           0.09222999999999999,
           0.00206,
           0.00474,
           0.01411,
           0.8586299999999999
          ],
          [
           0.030989999999999997,
           0.08846,
           0.0025,
           0.00599,
           0.01549,
           0.85657
          ],
          [
           0.0339,
           0.08457999999999999,
           0.00297,
           0.00734,
           0.01695,
           0.8542799999999999
          ],
          [
           0.03695,
           0.08059,
           0.00346,
           0.00877,
           0.01847,
           0.8517600000000001
          ],
          [
           0.040139999999999995,
           0.07652,
           0.00398,
           0.01027,
           0.020069999999999998,
           0.8490200000000001
          ],
          [
           0.043460000000000006,
           0.07239,
           0.004520000000000001,
           0.01182,
           0.021730000000000003,
           0.8460799999999999
          ],
          [
           0.04691,
           0.06819,
           0.0050799999999999994,
           0.01342,
           0.023459999999999998,
           0.8429399999999999
          ],
          [
           0.050480000000000004,
           0.06396,
           0.00565,
           0.01505,
           0.025240000000000002,
           0.8396100000000001
          ],
          [
           0.05417,
           0.05971,
           0.006229999999999999,
           0.0167,
           0.02708,
           0.83611
          ],
          [
           0.057960000000000005,
           0.05545,
           0.0068200000000000005,
           0.01835,
           0.028980000000000002,
           0.8324299999999999
          ],
          [
           0.06185,
           0.05122,
           0.00742,
           0.02,
           0.03092,
           0.8285899999999999
          ],
          [
           0.06582,
           0.04701,
           0.00801,
           0.02164,
           0.03291,
           0.8246
          ],
          [
           0.06988,
           0.04286,
           0.0086,
           0.02326,
           0.03494,
           0.82047
          ],
          [
           0.07399,
           0.03879,
           0.009179999999999999,
           0.02484,
           0.037,
           0.8162
          ],
          [
           0.07817,
           0.03481,
           0.00974,
           0.02638,
           0.039080000000000004,
           0.81181
          ],
          [
           0.08238,
           0.03095,
           0.01029,
           0.027880000000000002,
           0.04119,
           0.8073
          ],
          [
           0.08663,
           0.027219999999999998,
           0.01083,
           0.02932,
           0.04332,
           0.80269
          ],
          [
           0.09089,
           0.02364,
           0.011340000000000001,
           0.03071,
           0.04545,
           0.79797
          ],
          [
           0.09516000000000001,
           0.02025,
           0.01182,
           0.03203,
           0.047580000000000004,
           0.7931699999999999
          ],
          [
           0.09941,
           0.01705,
           0.01228,
           0.033280000000000004,
           0.049710000000000004,
           0.78828
          ],
          [
           0.10364000000000001,
           0.01406,
           0.0127,
           0.03445,
           0.051820000000000005,
           0.78332
          ],
          [
           0.10783,
           0.011309999999999999,
           0.013090000000000001,
           0.03556,
           0.05392,
           0.7782899999999999
          ],
          [
           0.11197,
           0.00882,
           0.01344,
           0.03658,
           0.055979999999999995,
           0.7732
          ],
          [
           0.11604,
           0.0066,
           0.01375,
           0.03753,
           0.05802,
           0.7680600000000001
          ],
          [
           0.12002,
           0.00468,
           0.01402,
           0.0384,
           0.06001,
           0.76288
          ],
          [
           0.12390999999999999,
           0.0030600000000000002,
           0.014240000000000001,
           0.03918,
           0.06195,
           0.75765
          ],
          [
           0.12769,
           0.0017699999999999999,
           0.014419999999999999,
           0.03988,
           0.06384,
           0.7524
          ],
          [
           0.13134,
           0.00082,
           0.01455,
           0.040510000000000004,
           0.06567,
           0.74712
          ],
          [
