{
 "cells": [
  {
   "cell_type": "code",
   "execution_count": 1,
   "metadata": {},
   "outputs": [],
   "source": [
    "# BipartiteGeneral\n",
    "from PyQuantum.BipartiteGeneral.Cavity import Cavity\n",
    "from PyQuantum.BipartiteGeneral.Hamiltonian import Hamiltonian\n",
    "\n",
    "from PyQuantum.BipartiteGeneral.WaveFunction import WaveFunction\n",
    "\n",
    "from PyQuantum.BipartiteGeneral.Evolution import run_wf"
   ]
  },
  {
   "cell_type": "code",
   "execution_count": 2,
   "metadata": {},
   "outputs": [],
   "source": [
    "# Common\n",
    "from PyQuantum.Common.STR import *\n",
    "from PyQuantum.Common.LoadPackage import *\n",
    "\n",
    "from PyQuantum.Common.Tools import mkdir\n",
    "\n",
    "from PyQuantum.Common.PlotBuilder3D import PlotBuilder3D"
   ]
  },
  {
   "cell_type": "code",
   "execution_count": 3,
   "metadata": {},
   "outputs": [],
   "source": [
    "import PyQuantum.BipartiteGeneral.config as config\n",
    "\n",
    "mkdir(config.path)"
   ]
  },
  {
   "cell_type": "code",
   "execution_count": 4,
   "metadata": {},
   "outputs": [
    {
     "name": "stdout",
     "output_type": "stream",
     "text": [
      "\u001b[1;36;1mCavity:\u001b[1;32;0m\n",
      "\n",
      "\u001b[1;33;1m n: \u001b[1;32;0m2\n",
      "\n",
      "\u001b[1;33;1mwc: \u001b[1;32;0m21.506 GHz\n",
      "\n",
      "\u001b[1;33;1mwa: \u001b[1;32;0m[21.506 GHz, 21.506 GHz]\n",
      "\n",
      "\u001b[1;33;1m g: \u001b[1;32;0m[215.06 MHz, 215.06 MHz]\n",
      "\n"
     ]
    }
   ],
   "source": [
    "cavity = Cavity(n=config.n, wc=config.wc, wa=config.wa, g=config.g)\n",
    "\n",
    "cavity.print()"
   ]
  },
  {
   "cell_type": "code",
   "execution_count": 5,
   "metadata": {},
   "outputs": [
    {
     "name": "stdout",
     "output_type": "stream",
     "text": [
      "\u001b[1;36;1mHamiltonian states\u001b[1;32;0m[ 1, [0, 0]]\n",
      "[ 0, [0, 1]]\n",
      "[ 0, [1, 0]]\n",
      "\n",
      "[0,0] [0]\n",
      "[0,1] [1]\n",
      "[1,0] [2]\n"
     ]
    }
   ],
   "source": [
    "H = Hamiltonian(capacity=config.capacity, cavity=cavity)\n",
    "\n",
    "H.print_states()\n",
    "\n",
    "if __debug__:\n",
    "    H.to_csv(filename=config.H_csv)\n",
    "\n",
    "    H.print_bin_states()\n",
    "    H.print_html(filename=config.H_html)"
   ]
  },
  {
   "cell_type": "code",
   "execution_count": 6,
   "metadata": {},
   "outputs": [
    {
     "name": "stdout",
     "output_type": "stream",
     "text": [
      "[1, [0, 0]] 0j\n",
      "[0, [0, 1]] (1+0j)\n",
      "[0, [1, 0]] 0j\n"
     ]
    }
   ],
   "source": [
    "w_0 = WaveFunction(states=H.states, init_state=config.init_state)\n",
    "\n",
    "w_0.print()"
   ]
  },
  {
   "cell_type": "code",
   "execution_count": 7,
   "metadata": {},
   "outputs": [
    {
     "name": "stdout",
     "output_type": "stream",
     "text": [
      "[0,0]\n",
      "[0,1]\n",
      "[1,0]\n"
     ]
    }
   ],
   "source": [
    "run_wf(w_0=w_0, H=H, dt=config.dt, nt=config.nt,\n",
    "       config=config, fidelity_mode=True)"
   ]
  },
  {
   "cell_type": "code",
   "execution_count": 8,
   "metadata": {},
   "outputs": [
    {
     "name": "stdout",
     "output_type": "stream",
     "text": [
      "Making plot...\n",
      "x_ticktext: ['', '', '']\n",
      "x_tickvals: [0, 1, 2]\n",
      "y_ticktext: [0.0, 5.0, 10.0, 15.0, 20.0, 25.0, 30.0, 35.0, 40.0, 45.0, 50.0]\n",
      "y_tickvals: [   0.  100.  200.  300.  400.  500.  600.  700.  800.  900. 1000.]\n"
     ]
    },
    {
     "data": {
      "text/html": [
       "<script type=\"text/javascript\">window.PlotlyConfig = {MathJaxConfig: 'local'};</script><script type=\"text/javascript\">if (window.MathJax) {MathJax.Hub.Config({SVG: {font: \"STIX-Web\"}});}</script><script>requirejs.config({paths: { 'plotly': ['https://cdn.plot.ly/plotly-latest.min']},});if(!window._Plotly) {require(['plotly'],function(plotly) {window._Plotly=plotly;});}</script>"
      ],
      "text/vnd.plotly.v1+html": [
       "<script type=\"text/javascript\">window.PlotlyConfig = {MathJaxConfig: 'local'};</script><script type=\"text/javascript\">if (window.MathJax) {MathJax.Hub.Config({SVG: {font: \"STIX-Web\"}});}</script><script>requirejs.config({paths: { 'plotly': ['https://cdn.plot.ly/plotly-latest.min']},});if(!window._Plotly) {require(['plotly'],function(plotly) {window._Plotly=plotly;});}</script>"
      ]
     },
     "metadata": {},
     "output_type": "display_data"
    },
    {
     "data": {
      "application/vnd.plotly.v1+json": {
       "config": {
        "linkText": "Export to plot.ly",
        "plotlyServerURL": "https://plot.ly",
        "showLink": true
       },
       "data": [
        {
         "colorscale": "Portland",
         "lighting": {
          "diffuse": 0.5,
          "fresnel": 0.2,
          "specular": 0.2
         },
         "showlegend": false,
         "showscale": false,
         "type": "surface",
         "uid": "8aa9dacd-f4a4-4902-ba2b-3babe6e82a7c",
         "z": [
          [
           0,
           1,
           0
          ],
          [
           0.00011999999999999999,
           0.9998799999999999,
           0
          ],
          [
           0.00045999999999999996,
           0.99954,
           0
          ],
          [
           0.0010400000000000001,
           0.9989600000000001,
           0
          ],
          [
           0.00185,
           0.99815,
           0
          ],
          [
           0.0028899999999999998,
           0.99711,
           0
          ],
          [
           0.00415,
           0.99584,
           0
          ],
          [
           0.00564,
           0.99435,
           1e-05
          ],
          [
           0.007359999999999999,
           0.9926200000000001,
           1e-05
          ],
          [
           0.009309999999999999,
           0.99067,
           2e-05
          ],
          [
           0.011470000000000001,
           0.98849,
           2.9999999999999997e-05
          ],
          [
           0.013859999999999999,
           0.9860899999999999,
           5e-05
          ],
          [
           0.01647,
           0.98346,
           7e-05
          ],
          [
           0.01929,
           0.98062,
           9e-05
          ],
          [
           0.02232,
           0.97755,
           0.00013000000000000002
          ],
          [
           0.02557,
           0.97426,
           0.00016999999999999999
          ],
          [
           0.029019999999999997,
           0.9707600000000001,
           0.00022
          ],
          [
           0.03268,
           0.96705,
           0.00028
          ],
          [
           0.036539999999999996,
           0.9631200000000001,
           0.00035
          ],
          [
           0.04059,
           0.9589799999999999,
           0.00043
          ],
          [
           0.04484,
           0.95463,
           0.00053
          ],
          [
           0.049280000000000004,
           0.9500799999999999,
           0.00064
          ],
          [
           0.05391,
           0.9453299999999999,
           0.0007700000000000001
          ],
          [
           0.058710000000000005,
           0.94037,
           0.0009199999999999999
          ],
          [
           0.0637,
           0.93522,
           0.00108
          ],
          [
           0.06885,
           0.9298700000000001,
           0.0012699999999999999
          ],
          [
           0.07417,
           0.9243399999999999,
           0.00149
          ],
          [
           0.07966000000000001,
           0.91861,
           0.00173
          ],
          [
           0.0853,
           0.9127,
           0.00199
          ],
          [
           0.0911,
           0.90661,
           0.00229
          ],
          [
           0.09704,
           0.9003399999999999,
           0.0026100000000000003
          ],
          [
           0.10313,
           0.8939,
           0.00297
          ],
          [
           0.10935,
           0.88728,
           0.00337
          ],
          [
           0.1157,
           0.8805,
           0.0038
          ],
          [
           0.12217,
           0.87356,
           0.00427
          ],
          [
           0.12875999999999999,
           0.86645,
           0.0047799999999999995
          ],
          [
           0.13547,
           0.85919,
           0.00534
          ],
          [
           0.14228,
           0.85178,
           0.00594
          ],
          [
           0.14919000000000002,
           0.8442200000000001,
           0.00659
          ],
          [
           0.15619,
           0.83652,
           0.0072900000000000005
          ],
          [
           0.16328,
           0.82867,
           0.00804
          ],
          [
           0.17045,
           0.8207,
           0.00885
          ],
          [
           0.1777,
           0.8125899999999999,
           0.00971
          ],
          [
           0.18500999999999998,
           0.80435,
           0.01064
          ],
          [
           0.19238,
           0.796,
           0.01162
          ],
          [
           0.1998,
           0.78752,
           0.01267
          ],
          [
           0.20726999999999998,
           0.77894,
           0.01379
          ],
          [
           0.21478000000000003,
           0.7702399999999999,
           0.014969999999999999
          ],
          [
           0.22233000000000003,
           0.76144,
           0.01623
          ],
          [
           0.2299,
           0.75255,
           0.01756
          ],
          [
           0.23748000000000002,
           0.74356,
           0.01896
          ],
          [
           0.24508000000000002,
           0.73447,
           0.02044
          ],
          [
           0.25268,
           0.72531,
           0.02201
          ],
          [
           0.26028,
           0.71606,
           0.02365
          ],
          [
           0.26788,
           0.7067399999999999,
           0.02538
          ],
          [
           0.27545,
           0.69735,
           0.0272
          ],
          [
           0.283,
           0.68789,
           0.029110000000000004
          ],
          [
           0.29052,
           0.67837,
           0.0311
          ],
          [
           0.29801,
           0.6688,
           0.0332
          ],
          [
           0.30544,
           0.65917,
           0.03538
          ],
          [
           0.31283,
           0.6495,
           0.03767
          ],
          [
           0.32016,
           0.63979,
           0.04005
          ],
          [
           0.32742,
           0.6300399999999999,
           0.042539999999999994
          ],
          [
           0.33462,
           0.62025,
           0.04513
          ],
          [
           0.34173000000000003,
           0.61044,
           0.047830000000000004
          ],
          [
           0.34876,
           0.6006100000000001,
           0.05063
          ],
          [
           0.3557,
           0.5907600000000001,
           0.05354
          ],
          [
           0.36254000000000003,
           0.58089,
           0.05657
          ],
          [
           0.36928,
           0.57102,
           0.0597
          ],
          [
           0.3759,
           0.56114,
           0.06295
          ],
          [
           0.38240999999999997,
           0.5512699999999999,
           0.06632
          ],
          [
           0.3888,
           0.5414,
           0.0698
          ],
          [
           0.39505999999999997,
           0.53154,
           0.07341
          ],
          [
           0.40118000000000004,
           0.52169,
           0.07712999999999999
          ],
          [
           0.40717,
           0.51186,
           0.08097
          ],
          [
           0.41301000000000004,
           0.50205,
           0.08494
          ],
          [
           0.4187,
           0.49227,
           0.08903
          ],
          [
           0.42423,
           0.48253,
           0.09324
          ],
          [
           0.4296,
           0.47281999999999996,
           0.09758
          ],
          [
           0.43481000000000003,
           0.46313999999999994,
           0.10205
          ],
          [
           0.43983999999999995,
           0.45352,
           0.10664000000000001
          ],
          [
           0.4447,
           0.44393,
           0.11137000000000001
          ],
          [
           0.44938,
           0.43441,
           0.11622
          ],
          [
           0.45387,
           0.42493000000000003,
           0.1212
          ],
          [
           0.45818000000000003,
           0.41552,
           0.1263
          ],
          [
           0.46229,
           0.40617,
           0.13154000000000002
          ],
          [
           0.46621,
           0.39688,
           0.13691
          ],
          [
           0.46992,
           0.38766999999999996,
           0.14240999999999998
          ],
          [
           0.47343999999999997,
           0.37851999999999997,
           0.14804
          ],
          [
           0.47673999999999994,
           0.36946,
           0.1538
          ],
          [
           0.47984,
           0.36046999999999996,
           0.15968
          ],
          [
           0.48273,
           0.35157,
           0.1657
          ],
          [
           0.4854,
           0.34276,
           0.17185
          ],
          [
           0.48785,
           0.33403,
           0.17812
          ],
          [
           0.49008,
           0.32539,
           0.18453
          ],
          [
           0.49208999999999997,
           0.31685,
           0.19105999999999998
          ],
          [
           0.49387,
           0.30841,
           0.19772
          ],
          [
           0.49543000000000004,
           0.30007,
           0.2045
          ],
          [
           0.49677,
           0.29183000000000003,
           0.21141
          ],
          [
           0.49787,
           0.28369,
           0.21844
          ],
          [
           0.49875,
           0.27566,
           0.22559
          ],
          [
           0.49938999999999995,
           0.26774000000000003,
           0.23285999999999998
          ],
          [
           0.49981000000000003,
           0.25994,
           0.24026
          ],
          [
           0.49999,
           0.25224,
           0.24777
          ],
          [
           0.49993999999999994,
           0.24466,
           0.2554
          ],
          [
           0.49966000000000005,
           0.2372,
           0.26314
          ],
          [
           0.49915,
           0.22985,
           0.27099
          ],
          [
           0.49841,
           0.22263000000000002,
           0.27896
          ],
          [
           0.49743999999999994,
           0.21553000000000003,
           0.28703
          ],
          [
           0.49623999999999996,
           0.20855,
           0.29521
          ],
          [
           0.49482,
           0.20169,
           0.30349
          ],
          [
           0.49317,
           0.19496,
           0.31188
          ],
          [
           0.49128999999999995,
           0.18835,
           0.32036
          ],
          [
           0.48918999999999996,
           0.18188,
           0.32894
          ],
          [
           0.48686,
           0.17552,
           0.33760999999999997
          ],
          [
           0.48432,
           0.1693,
           0.34638
          ],
          [
           0.48156000000000004,
           0.16321,
           0.35523000000000005
          ],
          [
           0.47858999999999996,
           0.15724000000000002,
           0.36416
          ],
          [
           0.47541000000000005,
           0.15141,
           0.37318
          ],
          [
           0.47202,
           0.1457,
           0.38228
          ],
          [
           0.46842,
           0.14013,
           0.39145
          ],
          [
           0.46462,
           0.13468,
           0.4007
          ],
          [
           0.46062,
           0.12937,
           0.41001000000000004
          ],
          [
           0.45643,
           0.12418,
           0.41939
          ],
          [
           0.45203999999999994,
           0.11913,
           0.42883000000000004
          ],
          [
           0.44747,
           0.1142,
           0.43832
          ],
          [
           0.44272,
           0.10941,
           0.44788
          ],
          [
           0.43778999999999996,
           0.10474000000000001,
           0.45748
          ],
          [
           0.43268,
           0.1002,
           0.46712
          ],
          [
           0.42741,
           0.09577999999999999,
           0.47681
          ],
          [
           0.42196999999999996,
           0.09149,
           0.48654
          ],
          [
           0.41636999999999996,
           0.08732999999999999,
           0.4963
          ],
          [
           0.41062,
           0.08329,
           0.5060899999999999
          ],
          [
           0.40471999999999997,
           0.07937000000000001,
           0.5159100000000001
          ],
          [
           0.39868000000000003,
           0.07558,
           0.52574
          ],
          [
           0.3925,
           0.07191,
           0.5356
          ],
          [
           0.38618,
           0.06835,
           0.5454600000000001
          ],
          [
           0.37975,
           0.06492,
           0.55534
          ],
          [
           0.37319,
           0.0616,
           0.56521
          ],
          [
           0.36651,
           0.0584,
           0.57509
          ],
          [
           0.35973,
           0.055310000000000005,
           0.58496
          ],
          [
           0.35285,
           0.052329999999999995,
           0.59482
          ],
          [
           0.34588,
           0.049460000000000004,
           0.6046600000000001
          ],
          [
           0.33881,
           0.0467,
           0.61449
          ],
          [
           0.33166,
           0.04405,
           0.62429
          ],
          [
           0.32444,
           0.0415,
           0.6340600000000001
          ],
          [
           0.31715,
           0.039060000000000004,
           0.64379
          ],
          [
           0.30979,
           0.036719999999999996,
           0.65349
          ],
          [
           0.30239,
           0.03447,
           0.66314
          ],
          [
           0.29493,
           0.03232,
           0.67275
          ],
          [
           0.28743,
           0.03027,
           0.6823
          ],
          [
           0.27989,
           0.028310000000000002,
           0.6918
          ],
          [
           0.27233,
           0.026439999999999998,
           0.70123
          ],
          [
           0.26475,
           0.024659999999999998,
           0.7105899999999999
          ],
          [
           0.25715,
           0.022969999999999997,
           0.71988
          ],
          [
           0.24955,
           0.02135,
           0.72909
          ],
          [
           0.24195,
           0.019819999999999997,
           0.73823
          ],
          [
           0.23435,
           0.018369999999999997,
           0.74727
          ],
          [
           0.22676999999999997,
           0.017,
           0.75622
          ],
          [
           0.21921999999999997,
           0.0157,
           0.76508
          ],
          [
           0.21169000000000002,
           0.014480000000000002,
           0.77384
          ],
          [
           0.20419,
           0.013319999999999999,
           0.78249
          ],
          [
           0.19674,
           0.01223,
           0.79103
          ],
          [
           0.18934,
           0.01121,
           0.79945
          ],
          [
           0.18199,
           0.01025,
           0.80776
          ],
          [
           0.1747,
           0.00935,
           0.81594
          ],
          [
           0.16749,
           0.00851,
           0.824
          ],
          [
           0.16035,
           0.00773,
           0.8319200000000001
          ],
          [
           0.1533,
           0.007,
           0.8397100000000001
          ],
          [
           0.14633,
           0.00632,
           0.84735
          ],
          [
           0.13946,
           0.00569,
           0.85485
          ],
          [
           0.13269,
           0.00511,
           0.8622
          ],
          [
           0.12603,
           0.00457,
           0.8694
          ],
          [
           0.11949000000000001,
           0.004070000000000001,
           0.87644
          ],
          [
           0.11307,
           0.0036200000000000004,
           0.8833200000000001
          ],
          [
           0.10677,
           0.0032,
           0.8900299999999999
          ],
          [
           0.1006,
           0.00282,
           0.8965700000000001
          ],
          [
           0.09458,
           0.00248,
           0.90295
          ],
          [
           0.08868999999999999,
           0.00216,
           0.90914
          ],
          [
           0.08296,
           0.0018800000000000002,
           0.9151600000000001
          ],
          [
           0.07737999999999999,
           0.0016300000000000002,
           0.92099
          ],
          [
           0.07196,
           0.0014,
           0.9266399999999999
          ],
          [
           0.06671,
           0.00119,
           0.9321
          ],
          [
           0.06162,
           0.00101,
           0.93737
          ],
          [
           0.05671,
           0.00085,
           0.9424399999999999
          ],
          [
           0.05198,
           0.0007099999999999999,
           0.94731
          ],
          [
           0.04743,
           0.00059,
           0.9519799999999999
          ],
          [
           0.04307,
           0.00047999999999999996,
           0.95645
          ],
          [
           0.0389,
           0.00039,
           0.9607100000000001
          ],
          [
           0.03492,
           0.00032,
           0.9647600000000001
          ],
          [
           0.03115,
           0.00025,
           0.9686
          ],
          [
           0.027569999999999997,
           0.0002,
           0.9722299999999999
          ],
          [
           0.02421,
           0.00015,
           0.97564
          ],
          [
           0.02105,
           0.00011,
           0.9788399999999999
          ],
          [
           0.0181,
           8e-05,
           0.98182
          ],
          [
           0.015369999999999998,
           5.9999999999999995e-05,
           0.9845700000000001
          ],
          [
           0.01285,
           4e-05,
           0.98711
          ],
          [
           0.01055,
           2.9999999999999997e-05,
           0.9894200000000001
          ],
          [
           0.00848,
           2e-05,
           0.9915
          ],
          [
           0.00663,
           1e-05,
           0.99336
          ],
          [
           0.005,
           1e-05,
           0.9949899999999999
          ],
          [
           0.0036,
           0,
           0.99639
          ],
          [
           0.00243,
           0,
           0.9975700000000001
          ],
          [
           0.00149,
           0,
           0.99851
          ],
          [
           0.0007700000000000001,
           0,
           0.99923
          ],
          [
           0.00029,
           0,
           0.99971
          ],
          [
           4e-05,
           0,
           0.9999600000000001
          ],
          [
           2e-05,
           0,
           0.99998
          ],
          [
           0.00022999999999999998,
           0,
           0.99977
          ],
          [
           0.00067,
           0,
           0.9993299999999999
          ],
          [
           0.00134,
           0,
           0.99865
          ],
          [
           0.00225,
           0,
           0.99775
          ],
          [
           0.0033799999999999998,
           0,
           0.9966200000000001
          ],
          [
           0.00474,
           1e-05,
           0.99526
          ],
          [
           0.00633,
           1e-05,
           0.99366
          ],
          [
           0.008140000000000001,
           2e-05,
           0.99185
          ],
          [
           0.01017,
           2.9999999999999997e-05,
           0.9898
          ],
          [
           0.01243,
           4e-05,
           0.9875299999999999
          ],
          [
           0.01491,
           5.9999999999999995e-05,
           0.9850399999999999
          ],
          [
           0.0176,
           8e-05,
           0.9823200000000001
          ],
          [
           0.02051,
           0.00011,
           0.9793799999999999
          ],
          [
           0.02363,
           0.00014,
           0.9762200000000001
          ],
          [
           0.026969999999999997,
           0.00018999999999999998,
           0.97285
          ],
          [
           0.0305,
           0.00023999999999999998,
           0.96926
          ],
          [
           0.03424,
           0.0003,
           0.96545
          ],
          [
           0.03818,
           0.00037999999999999997,
           0.96144
          ],
          [
           0.042319999999999997,
           0.00047000000000000004,
           0.95721
          ],
          [
           0.04665,
           0.00057,
           0.95278
          ],
          [
           0.051160000000000004,
           0.0006900000000000001,
           0.94815
          ],
          [
           0.05586,
           0.0008300000000000001,
           0.94331
          ],
          [
           0.060739999999999995,
           0.00098,
           0.93827
          ],
          [
           0.0658,
           0.00116,
           0.93304
          ],
          [
           0.07102,
           0.0013599999999999999,
           0.9276200000000001
          ],
          [
           0.07642,
           0.00158,
           0.922
          ],
          [
           0.08197,
           0.00183,
           0.9162
          ],
          [
           0.08767,
           0.0021100000000000003,
           0.91022
          ],
          [
           0.09353,
           0.00242,
           0.90405
          ],
          [
           0.09953,
           0.0027600000000000003,
           0.89771
          ],
          [
           0.10567,
           0.00313,
           0.8912
          ],
          [
           0.11195,
           0.0035399999999999997,
           0.88451
          ],
          [
           0.11835,
           0.00399,
           0.87766
          ],
          [
           0.12487000000000001,
           0.00448,
           0.87065
          ],
          [
           0.13151,
           0.0050100000000000006,
           0.8634799999999999
          ],
          [
           0.13826,
           0.00558,
           0.85616
          ],
          [
           0.14511,
           0.0062,
           0.8486799999999999
          ],
          [
           0.15206,
           0.00687,
           0.84106
          ],
          [
           0.1591,
           0.00759,
           0.8333
          ],
          [
           0.16623,
           0.00837,
           0.8254
          ],
          [
           0.17343,
           0.0092,
           0.8173699999999999
          ],
          [
           0.1807,
           0.01009,
           0.80921
          ],
          [
           0.18804,
           0.011040000000000001,
           0.80093
          ],
          [
           0.19543,
           0.01205,
           0.79252
          ],
          [
           0.20288,
           0.01312,
           0.784
          ],
          [
           0.21036,
           0.01427,
           0.77537
          ],
          [
           0.21789,
           0.01548,
           0.76663
          ],
          [
           0.22544,
           0.01677,
           0.75779
          ],
          [
           0.23301999999999998,
           0.01813,
           0.74885
          ],
          [
           0.24061,
           0.01956,
           0.73983
          ],
          [
           0.24821,
           0.02108,
           0.7307100000000001
          ],
          [
           0.25582,
           0.022680000000000002,
           0.72151
          ],
          [
           0.26341,
           0.02436,
           0.71223
          ],
          [
           0.271,
           0.026119999999999997,
           0.7028800000000001
          ],
          [
           0.27856,
           0.02797,
           0.6934600000000001
          ],
          [
           0.2861,
           0.02992,
           0.68398
          ],
          [
           0.29361,
           0.03196,
           0.6744399999999999
          ],
          [
           0.30108,
           0.034089999999999995,
           0.66484
          ],
          [
           0.30849,
           0.03631,
           0.6551899999999999
          ],
          [
           0.31586,
           0.03864,
           0.6455
          ],
          [
           0.32316,
           0.041069999999999995,
           0.63577
          ],
          [
           0.3304,
           0.04359,
           0.6260100000000001
          ],
          [
           0.33755999999999997,
           0.04623,
           0.61621
          ],
          [
           0.34464,
           0.04897,
           0.60639
          ],
          [
           0.35163,
           0.051820000000000005,
           0.59655
          ],
          [
           0.35853,
           0.054770000000000006,
           0.5867
          ],
          [
           0.36533000000000004,
           0.057839999999999996,
           0.5768300000000001
          ],
          [
           0.37201999999999996,
           0.061029999999999994,
           0.56695
          ],
          [
           0.3786,
           0.06433,
           0.55708
          ],
          [
           0.38506,
           0.06774,
           0.5472
          ],
          [
           0.39139,
           0.07127,
           0.53733
          ],
          [
           0.3976,
           0.07492,
           0.5274800000000001
          ],
          [
           0.40367,
           0.0787,
           0.51764
          ],
          [
           0.40959,
           0.08259,
           0.5078199999999999
          ],
          [
           0.41536999999999996,
           0.08661,
           0.49801999999999996
          ],
          [
           0.42099,
           0.09075,
           0.48826
          ],
          [
           0.42646000000000006,
           0.09502000000000001,
           0.47852
          ],
          [
           0.43177,
           0.09941,
           0.46883
          ],
          [
           0.4369,
           0.10393,
           0.45916999999999997
          ],
          [
           0.44186000000000003,
           0.10857,
           0.44956
          ],
          [
           0.44665,
           0.11335,
           0.44
          ],
          [
           0.45125,
           0.11825,
           0.4305
          ],
          [
           0.45566999999999996,
           0.12328,
           0.42105
          ],
          [
           0.4599,
           0.12845,
           0.41166
          ],
          [
           0.46393,
           0.13374,
           0.40233
          ],
          [
           0.46776,
           0.13915999999999998,
           0.39308000000000004
          ],
          [
           0.4714,
           0.14470999999999998,
           0.38389
          ],
          [
           0.47483000000000003,
           0.15039,
           0.37478
          ],
          [
           0.47805,
           0.15621,
           0.36575
          ],
          [
           0.48106000000000004,
           0.16215,
           0.3568
          ],
          [
           0.48385,
           0.16822,
           0.34793
          ],
          [
           0.48643000000000003,
           0.17442,
           0.33915
          ],
          [
           0.48878999999999995,
           0.18075,
           0.33046
          ],
          [
           0.49093000000000003,
           0.1872,
           0.32186
          ],
          [
           0.49285,
           0.19379000000000002,
           0.31335999999999997
          ],
          [
           0.49454,
           0.2005,
           0.30496
          ],
          [
           0.49601000000000006,
           0.20733000000000001,
           0.29666
          ],
          [
           0.49725,
           0.21429,
           0.28846
          ],
          [
           0.49826000000000004,
           0.22136999999999998,
           0.28037
          ],
          [
           0.49904,
           0.22857,
           0.27239
          ],
          [
           0.49959,
           0.2359,
           0.26450999999999997
          ],
          [
           0.49991,
           0.24334,
           0.25675
          ],
          [
           0.5,
           0.2509,
           0.2491
          ],
          [
           0.49986,
           0.25856999999999997,
           0.24156999999999998
          ],
          [
           0.49948000000000004,
           0.26636,
           0.23415999999999998
          ],
          [
           0.49888000000000005,
           0.27426,
           0.22685999999999998
          ],
          [
           0.49804,
           0.28226999999999997,
           0.21969
          ],
          [
           0.49698000000000003,
           0.29039,
           0.21264
          ],
          [
           0.49568,
           0.29861,
           0.20571
          ],
          [
           0.49416000000000004,
           0.30693000000000004,
           0.1989
          ],
          [
           0.49241999999999997,
           0.31536,
           0.19222
          ],
          [
           0.49045,
           0.32388,
           0.18567
          ],
          [
           0.48826,
           0.3325,
           0.17924
          ],
          [
           0.48583999999999994,
           0.34121,
           0.17295
          ],
          [
           0.48321000000000003,
           0.35001,
           0.16677999999999998
          ],
          [
           0.48036999999999996,
           0.3589,
           0.16074000000000002
          ],
          [
           0.47731,
           0.36787,
           0.15482
          ],
          [
           0.47403999999999996,
           0.37692,
           0.14904
          ],
          [
           0.47056000000000003,
           0.38605,
           0.14339000000000002
          ],
          [
           0.46688,
           0.39525,
           0.13787
          ],
          [
           0.463,
           0.40453,
           0.13248
          ],
          [
           0.45892,
           0.41386999999999996,
           0.12722
          ],
          [
           0.45464,
           0.42327,
           0.12209
          ],
          [
           0.45018,
           0.43273,
           0.11707999999999999
          ],
          [
           0.44553999999999994,
           0.44225,
           0.11220999999999999
          ],
          [
           0.44071000000000005,
           0.45182,
           0.10747000000000001
          ],
          [
           0.4357,
           0.46143999999999996,
           0.10285
          ],
          [
           0.43053,
           0.47111000000000003,
           0.09836
          ],
          [
           0.42518999999999996,
           0.48081,
           0.094
          ],
          [
           0.41968,
           0.49056000000000005,
           0.08976
          ],
          [
           0.41402,
           0.50033,
           0.08565
          ],
          [
           0.40821,
           0.51013,
           0.08166
          ],
          [
           0.40225,
           0.5199600000000001,
           0.0778
          ],
          [
           0.39615,
           0.5298,
           0.07405
          ],
          [
           0.38991,
           0.53966,
           0.07042999999999999
          ],
          [
           0.38355,
           0.54953,
           0.06692000000000001
          ],
          [
           0.37706,
           0.5594,
           0.06354
          ],
          [
           0.37045,
           0.56928,
           0.060270000000000004
          ],
          [
           0.36373,
           0.57915,
           0.05711
          ],
          [
           0.35691,
           0.58902,
           0.05407000000000001
          ],
          [
           0.34999,
           0.59887,
           0.05113
          ],
          [
           0.34298,
           0.6087100000000001,
           0.048310000000000006
          ],
          [
           0.33588,
           0.61853,
           0.0456
          ],
          [
           0.3287,
           0.62831,
           0.04299
          ],
          [
           0.32144,
           0.63807,
           0.04048
          ],
          [
           0.31413,
           0.64779,
           0.03808
          ],
          [
           0.30675,
           0.65747,
           0.03578
          ],
          [
           0.29932,
           0.6671100000000001,
           0.033569999999999996
          ],
          [
           0.29184,
           0.67669,
           0.03147
          ],
          [
           0.28433,
           0.6862199999999999,
           0.02945
          ],
          [
           0.27678,
           0.6956899999999999,
           0.027530000000000002
          ],
          [
           0.26921,
           0.70509,
           0.0257
          ],
          [
           0.26161999999999996,
           0.71443,
           0.02395
          ],
          [
           0.25401999999999997,
           0.7236899999999999,
           0.02229
          ],
          [
           0.24641999999999997,
           0.73287,
           0.02071
          ],
          [
           0.23881999999999998,
           0.7419600000000001,
           0.019219999999999998
          ],
          [
           0.23123000000000002,
           0.75097,
           0.0178
          ],
          [
           0.22366,
           0.75988,
           0.01646
          ],
          [
           0.21611,
           0.7687,
           0.01519
          ],
          [
           0.20859,
           0.77741,
           0.01399
          ],
          [
           0.20112,
           0.7860199999999999,
           0.01286
          ],
          [
           0.19368,
           0.79451,
           0.0118
          ],
          [
           0.1863,
           0.80289,
           0.01081
          ],
          [
           0.17898,
           0.81115,
           0.00987
          ],
          [
           0.17172,
           0.8192799999999999,
           0.009
          ],
          [
           0.16454000000000002,
           0.8272799999999999,
           0.00818
          ],
          [
           0.15743,
           0.83515,
           0.00742
          ],
          [
           0.15042,
           0.8428700000000001,
           0.00671
          ],
          [
           0.14349,
           0.85046,
           0.00605
          ],
